ler n1;

n1 <- 2
res <- 2*2*2

escreva "8";